2  26  0.859042
40  61  0.884401
41  60  0.887989
42  59  0.870225
45  56  0.819897
45  114  0.70109
46  55  0.802677
47  54  0.783696
65  89  0.735958
66  88  0.731552
67  87  0.70543
119  181  0.851128
120  180  0.795315
121  179  0.702328
145  160  0.842002
146  159  0.986861
147  158  0.976961
148  157  0.948534
149  156  0.921133
150  155  0.889704
172  237  0.779624
198  266  0.757466
199  268  0.945142
202  224  0.846615
203  223  0.814447
204  222  0.78322
205  221  0.751821
226  245  0.783362
227  244  0.777086
228  243  0.779374
229  242  0.768044
230  241  0.74183
263  332  0.768912
267  297  0.948129
268  296  0.927252
269  295  0.88928
270  294  0.832181
272  293  0.771197
273  292  0.752776
275  291  0.766565
276  290  0.743015
277  289  0.711305
295  364  0.972028
300  345  0.765421
301  344  0.812716
302  343  0.755806
306  341  0.702814
307  340  0.821534
308  339  0.884255
309  338  0.841991
310  337  0.746742
319  330  0.708765
357  382  0.857691
358  381  0.887397
359  380  0.908008
360  379  0.912763
361  378  0.898603
362  377  0.891742
363  376  0.862917
364  375  0.832832
365  374  0.804569
366  373  0.738344
388  451  0.755522
400  469  0.755991
401  468  0.764953
402  467  0.73585
406  430  0.724838
407  429  0.952239
408  428  0.958509
409  427  0.930457
410  426  0.902909
411  425  0.868138
412  424  0.830823
413  423  0.728891
446  469  0.750584
447  468  0.875036
448  467  0.878675
449  466  0.845544
450  465  0.714076
483  552  0.782044
498  517  0.914712
499  516  0.979112
500  515  0.990331
501  514  0.967016
502  513  0.942283
503  512  0.911319
504  511  0.880519
551  583  0.727566
573  641  0.704863
574  640  0.821237
581  633  0.717277
582  632  0.718665
585  628  0.788958
586  627  0.775709
587  626  0.743158
588  625  0.701894
599  615  0.804358
600  614  0.970747
601  613  0.94985
602  612  0.938666
603  611  0.918339
604  610  0.889361
620  643  0.736918
621  642  0.707446
632  701  0.713939
652  673  0.72558
653  672  0.770481
654  671  0.742866
655  670  0.700381
714  783  0.915696
717  780  0.832431
718  779  0.984113
719  778  0.912292
720  777  0.815675
721  776  0.708124
730  749  0.758256
731  748  0.860817
732  747  0.919563
733  746  0.901024
734  745  0.881644
735  744  0.855946
735  803  0.988798
736  743  0.827518
736  802  0.930379
781  850  0.827833
796  859  0.860585
797  858  0.996176
798  857  0.916731
799  856  0.851319
800  855  0.74188
827  873  0.798332
828  872  0.904208
829  871  0.929525
830  870  0.87206
833  867  0.836902
834  866  0.801998
835  865  0.764309
836  864  0.726668
861  904  0.733316
902  971  0.974046
903  970  0.939247
904  969  0.935481
905  922  0.748279
905  968  0.786654
906  921  0.85283
906  967  0.706085
907  920  0.840299
908  919  0.820049
909  918  0.792847
952  1021  0.914559
1003  1057  0.810766
1004  1056  0.818762
1005  1055  0.749528
1013  1078  0.847473
1027  1093  0.877807
1028  1092  0.977877
1029  1091  0.777478
1036  1103  0.732886
1056  1114  0.814833
1057  1113  0.762362
1058  1112  0.725886
1071  1140  0.855135
1072  1139  0.88907
1073  1138  0.716413
1077  1144  0.967403
1081  1147  0.718141
1081  1150  0.83138
1105  1173  0.737337
1147  1216  0.980975
1155  1224  0.868534
1169  1217  0.843605
1170  1216  0.781744
1171  1215  0.729956
1208  1273  0.839837
1216  1261  0.92652
1217  1260  0.89475
1218  1259  0.841865
1219  1258  0.777781
1228  1297  0.994086
1246  1310  0.771024
1247  1309  0.840733
1268  1333  0.84318
1273  1339  0.969808
1274  1338  0.791117
1288  1347  0.981292
1289  1346  0.921787
1290  1345  0.830589
1291  1344  0.736082
1308  1328  0.746069
1309  1327  0.725565
1312  1324  0.869677
1313  1323  0.861596
1314  1322  0.838636
1315  1321  0.812715
1318  1387  0.860102
1321  1390  0.953556
1328  1395  0.713588
1331  1374  0.889479
1332  1373  0.89311
1333  1372  0.835561
1335  1370  0.721158
1343  1364  0.80787
1344  1363  0.795168
1344  1411  0.891268
1346  1360  0.790215
1347  1359  0.806436
1348  1358  0.779612
1349  1357  0.747988
1375  1444  0.85291
1408  1475  0.737646
1411  1479  0.990496
1412  1478  0.98327
1413  1477  0.796093
1430  1495  0.77462
1433  1502  0.849943
1456  1519  0.863359
1462  1527  0.931733
1463  1526  0.754392
1498  1565  0.840298
1499  1564  0.750114
